    0. 1. 2. 3. 4. 5. 6. 7. 8. 9. 10. 11. 12. 13. 14. 15. 16. 17. 18. 19. 20. 21. 22. 23. 24. 25. 26. 27. 28. 
0.  0  0  0  0  0  1  1  0  1  2   3   2   1   2   3   4   4   3   3   2   3   4   5   5   5   4   4   4   3   
1.  9  0  0  0  0  0  0  1  2  2   2   1   2   3   3   3   3   3   2   3   4   5   5   4   4   4   3   3   4   
2.  9  9  0  0  0  0  0  1  1  1   1   1   2   3   2   2   2   2   2   3   4   5   4   3   3   3   2   3   4   
3.  9  9  9  0  0  0  0  0  1  0   1   1   2   2   1   2   1   2   3   4   4   4   3   3   2   2   3   3   4   
4.  9  9  9  9  0  0  0  0  0  1   0   1   1   1   2   1   2   3   3   3   3   3   3   2   1   2   3   4   5   
5.  9  9  9  9  9  0  0  0  0  0   1   0   1   2   1   1   2   2   2   3   2   2   2   1   2   3   4   5   5   
6.  9  9  9  9  9  9  0  0  0  0   0   1   1   1   0   1   1   2   3   2   1   1   1   2   3   4   5   4   5   
7.  9  9  9  9  9  9  9  0  0  0   0   0   1   0   1   1   2   3   2   1   0   1   2   3   3   4   4   5   5   
8.  9  9  9  9  9  9  9  9  0  0   0   0   0   1   1   2   2   2   1   0   1   2   3   3   3   3   4   4   4   
9.  9  9  9  9  9  9  9  9  9  0   0   0   0   0   1   1   2   1   0   1   2   2   2   2   3   4   3   4   4   
10. 9  9  9  9  9  9  9  9  9  9   0   0   0   0   0   1   1   0   1   2   2   1   2   2   3   3   4   4   3   
11. 9  9  9  9  9  9  9  9  9  9   9   0   0   0   0   0   0   1   2   2   1   1   1   2   3   3   4   3   4   
12. 9  9  9  9  9  9  9  9  9  9   9   9   0   0   0   0   0   1   1   1   0   1   2   3   2   3   3   4   4   
13. 9  9  9  9  9  9  9  9  9  9   9   9   9   0   0   0   0   0   1   0   1   1   2   2   2   2   3   3   3   
14. 9  9  9  9  9  9  9  9  9  9   9   9   9   9   0   0   0   0   0   1   1   1   1   1   2   3   2   3   4   
15. 9  9  9  9  9  9  9  9  9  9   9   9   9   9   9   0   0   0   0   0   1   0   1   2   2   2   3   3   3   
16. 9  9  9  9  9  9  9  9  9  9   9   9   9   9   9   9   0   0   0   0   0   1   1   1   2   2   2   3   3   
17. 9  9  9  9  9  9  9  9  9  9   9   9   9   9   9   9   9   0   0   0   0   0   1   1   1   2   2   2   2   
18. 9  9  9  9  9  9  9  9  9  9   9   9   9   9   9   9   9   9   0   0   0   0   0   1   1   1   2   1   2   
19. 9  9  9  9  9  9  9  9  9  9   9   9   9   9   9   9   9   9   9   0   0   0   0   0   0   1   1   2   2   
20. 9  9  9  9  9  9  9  9  9  9   9   9   9   9   9   9   9   9   9   9   0   0   0   0   0   0   1   2   1   
21. 9  9  9  9  9  9  9  9  9  9   9   9   9   9   9   9   9   9   9   9   9   0   0   0   0   0   1   1   2   
22. 9  9  9  9  9  9  9  9  9  9   9   9   9   9   9   9   9   9   9   9   9   9   0   0   0   0   0   1   1   
23. 9  9  9  9  9  9  9  9  9  9   9   9   9   9   9   9   9   9   9   9   9   9   9   0   0   0   0   0   1   
24. 9  9  9  9  9  9  9  9  9  9   9   9   9   9   9   9   9   9   9   9   9   9   9   9   0   0   0   0   0   
25. 9  9  9  9  9  9  9  9  9  9   9   9   9   9   9   9   9   9   9   9   9   9   9   9   9   0   0   0   0   
26. 9  9  9  9  9  9  9  9  9  9   9   9   9   9   9   9   9   9   9   9   9   9   9   9   9   9   0   0   0   
27. 9  9  9  9  9  9  9  9  9  9   9   9   9   9   9   9   9   9   9   9   9   9   9   9   9   9   9   0   0   
28. 9  9  9  9  9  9  9  9  9  9   9   9   9   9   9   9   9   9   9   9   9   9   9   9   9   9   9   9   0   
